a             b       c     d       e     f     g           h             i           j
(0,1,4,5,6,7) (1,3,5) (1,7) (0,5,6) (1,6) (0,5) (0,3,4,6,7) (0,1,3,4,5,6) (0,1,2,4,6) (4,5)
{26,55,3,15,30,51,27,26}

a  b  c  d  e  f  g  h  i  j  
1  0  0  1  0  1  1  1  1  0  26
1  1  1  0  1  0  0  1  1  0  55
0  0  0  0  0  0  0  0  1  0  3
0  1  0  0  0  0  1  1  0  0  15
1  0  0  0  0  0  1  1  1  1  30
1  1  0  1  0  1  0  1  0  1  51
1  0  0  1  1  0  1  1  1  0  27
1  0  1  0  0  0  1  0  0  0  26

a  b  c  d  e  f  g  h  i  j  
1  0  0  1  0  1  1  1  1  0  26
0  1  1 -1  1 -1 -1  0  0  0  29
0  0  0  0  0  0  0  0  1  0  3
0  1  0  0  0  0  1  1  0  0  15
0  0  0 -1  0 -1  0  0  0  1  4
0  1  0  0  0  0 -1  0 -1  1  25
0  0  0  0  1 -1  0  0  0  0  1
0  0  1 -1  0 -1  0 -1 -1  0  0

a  b  c  d  e  f  g  h  i  j  
1  0  0  1  0  1  1  1  1  0  26
0  1  1 -1  1 -1 -1  0  0  0  29
0  0  1 -1  0 -1  0 -1 -1  0  0
0  0  0  0  0  0  0  0  1  0  3
0  0  0  0 -1  0  2  0 -1  0 -14
0  0  0 -1  0 -1  0  0  0  1  4
0  0  0  0 -1  0  0 -1 -2  1  -4
0  0  0  0  1 -1  0  0  0  0  1

a  b  c  d  e  f  g  h  i  j  
1  0  0  1  0  1  1  1  1  0  26
0  1  1 -1  1 -1 -1  0  0  0  29
0  0  1 -1  0 -1  0 -1 -1  0  0
0  0  0  1  0  1  0  0  0 -1 -4
0  0  0  0  1  0 -2  0  1  0  14
0  0  0  0  0  1 -2  0  1  0  13
0  0  0  0  0  0 -2 -1 -1  1  10
0  0  0  0  0  0  0  0  1  0  3

a  b  c  d  e  f  g  h  i  j  
1  0  0  1  0  1  1  1  1  0  26
0  1  1 -1  1 -1 -1  0  0  0  29
0  0  1 -1  0 -1  0 -1 -1  0  0
0  0  0  1  0  1  0  0  0 -1 -4
0  0  0  0  1  0 -2  0  1  0  14
0  0  0  0  0  1 -2  0  1  0  13
0  0  0  0  0  0  1  h  h -h -5
0  0  0  0  0  0  0  0  1  0  3

a = 26-i-h-g-f-d
b = 29+g+f-e+d-c
c = i+h+f+d
d = -4+j-f
e = 14-i+2g
f = 13-i+2g
g = -5+j/2-i/2-h/2
h = free (max 15)
i = 3
j = free (max 30)
