a       b       c     d       e       f
(1,3,5) (0,2,5) (1,3) (2,3,5) (0,2,4) (0,1,2,4)
{44,25,63,29,33,40}

(1,3,5) (0,2,5) (1,3) (2,3,5) (0,2,4) (0,1,2,4)
{44,25,63,29,33,40}

  b     e f = 44
a   c     f = 25
  b   d e f = 63
a   c d     = 29
        e f = 33
a b   d     = 40

	Max	Lights
a	25	3
b	40	3
c	25	2
d	63	3
e	33	3
f	25	4

a b c d e f  
0 1 0 0 1 1  44
1 0 1 0 0 1  25
0 1 0 1 1 1  63
1 0 1 1 0 0  29
0 0 0 0 1 1  33
1 1 0 1 0 0  40

a b c d e f  
1 0 1 0 0 1  25
0 1 0 0 1 1  44
0 1 0 1 1 1  63
1 0 1 1 0 0  29
0 0 0 0 1 1  33
1 1 0 1 0 0  40

a b c d e f  
1 0 1 0 0 1  25
0 1 0 0 1 1  44
0 1 0 1 1 1  63
0 0 0 1 0-1   4
0 0 0 0 1 1  33
0 1-1 1 0-1  15

a b c d e f  
1 0 1 0 0 1  25
0 1 0 0 1 1  44
0 0 0 1 0 0  19
0 0 0 1 0-1   4
0 0 0 0 1 1  33
0 0-1 1-1-2 -29

a b c d e f  
1 0 1 0 0 1  25
0 1 0 0 1 1  44
0 0 1-1 1 2  29
0 0 0 1 0 0  19
0 0 0 0 0-1 -15
0 0 0 0 1 1  33

a b c d e f  
1 0 1 0 0 1  25
0 1 0 0 1 1  44
0 0 1-1 1 2  29
0 0 0 1 0 0  19
0 0 0 0 1 1  33
0 0 0 0 0 1  15

a = 25-c-f = 25-0-15 = 10
b = 44-e-f = 44-18-15 = 11
c = 29+d-e-2f = 29+19-18-30 = 0
d = 19
e = 18
f = 15


or

v
a b c d e f  
0 1 0 0 1 1  44
1 0 1 0 0 1  25
0 1 0 1 1 1  63
1 0 1 1 0 0  29
0 0 0 0 1 1  33
1 1 0 1 0 0  40
v
a b c d e f  
1 0 1 0 0 1  25
1 0 1 1 0 0  29
1 1 0 1 0 0  40
0 1 0 0 1 1  44
0 1 0 1 1 1  63
0 0 0 0 1 1  33
  v
a b c d e f  
1 0 1 0 0 1  25
0 1-1 1 0-1  15
0 1 0 0 1 1  44
0 1 0 1 1 1  63
0 0 0 0 1 1  33
0 0 0 1 0-1  4
  v
a b c d e f  
1 0 1 0 0 1  25
0 1-1 1 0-1  15
0 0 1-1 1 2  29
0 0 1 0 1 2  48
0 0 0 0 1 1  33
0 0 0 1 0-1  4
    v
a b c d e f  
1 0 1 0 0 1  25
0 1-1 1 0-1  15
0 0 1-1 1 2  29
0 0 1 0 1 2  48
0 0 0 0 1 1  33
0 0 0 1 0-1  4
    v
a b c d e f  
1 0 1 0 0 1  25
0 1-1 1 0-1  15
0 0 1-1 1 2  29
0 0 0 1 0 0  19
0 0 0 0 1 1  33
0 0 0 1 0-1  4
      v
a b c d e f  
1 0 1 0 0 1  25
0 1-1 1 0-1  15
0 0 1-1 1 2  29
0 0 0 1 0 0  19
0 0 0 1 0-1  4
0 0 0 0 1 1  33
      v
a b c d e f  
1 0 1 0 0 1  25
0 1-1 1 0-1  15
0 0 1-1 1 2  29
0 0 0 1 0 0  19
0 0 0 0 0-1  -15
0 0 0 0 1 1  33
        v
a b c d e f  
1 0 1 0 0 1  25
0 1-1 1 0-1  15
0 0 1-1 1 2  29
0 0 0 1 0 0  19
0 0 0 0 1 1  33
0 0 0 0 0-1  -15
          v
a b c d e f  
1 0 1 0 0 1  25
0 1-1 1 0-1  15
0 0 1-1 1 2  29
0 0 0 1 0 0  19
0 0 0 0 1 1  33
0 0 0 0 0 1  15

a = 25-f-c = 25-15-0 = 10
b = 15+f-d+c = 15+15-19+0 = 11
c = 29-2f-e+d = 29-30-18+19 = 0
d = 19
e = 33-f = 18
f = 15