2484780010
5507677763
5810914383
17728863356
27935803785
56539942685
78756242878
85956699413
88388601278
99340233161
101812799711
160550192765
204587648002
262664240790
374183944999
424606827889
534466926291
592725160448
633217914986
850568995316
922108515540
1171917826465
1409535246223
1415958752322
1571594637594
1616958612746
1625624876110
1700564191205
1715629592705
1786568654259
1814297327509
1895494171029
2058828168089
2087889297304
2093582856614
2142309646764
2155720114628
2192589481619
2452988661368
2530651945608
2682608148968
2720112174420
2731950643595
2814331052008
2897300163264
3060099211060
3325225169540
3463969641308
3509519161114
3510268404955
3559154559787
3822066072078
3893024797067
4047782314261
4140911346289
4169109873119
4284902317160
4676456581883
4963333379483
5188599115493
5399610381036
5424312163792
5558358724525
5597039563673
5723167634113
5866924107875
5890812365404
5972963914518
6092506169644
6100662765141
6625847646116
6781978236997
7068049095791
7335971179907
7447128676308
7451841057345
7476863662028
8132120493028
8191791711097
8200263859091
8233785645585
8383562020099
8689195646699
8722598190881
8729251687905
8745562497608
9002718827097
9035933747371
9048319889705
9056094956941
9074029073609
9103728048068
9126377554648
9176873433421
9342943994221
9458141458252
9539493649075
9561079210378
9724117528829
9968840137217