4464465476667f175886657886886758578574876576868576674567735753367764335335554657767373665355455365357656688487668888588567755877474678575764647646585478
6447747764688785658447784566545745768756888444634763456376443746547753675767445643563475733653746364345456886654784888587544758875658844875457548564857
8568646756446576764487665556887884756588854637665647344375537673654563334567674434656663635357775475357547657767646775474687858574566547568845476874445
4588478666687566777545685456786748655847586536744763344565635357547754477636347534474665746643735336364547355758744565755445864444884846557644765865888
6474686674554644844578845577548444775478337367564774777334664476557563464546645537646464444375433345755366547677454566688484785547477886784777564546485
7456865874458757858664647585645584864755577333374666653646374675474466546537647465633543364476777555364334466656747764488856677765647546554677488677888
8776785747764677564787547454574875767545573343335465565654747665454547364676467374333347334544553635647337354354645656556857767846687886688665678565478
8667455668454588587454847757848447477334344477443434754677365544475545735763555453357545455635773763736457577335644548768885746548667486647548487448668
5758547764487575446684784868446554533743473353543774764455467543773533376111111145536745673565643735653667363765456355858756688674887557555748875854488
4477856786687867567558644575474465666335545544547657435773644446444351111199999116473377673546367335677655634343436654544676754674555787788765858844484
466876548585866845888665488748674774435366667635433733545457773336346199911S999917353673766544457737467564656463474457537888587878454848488458558745485
6848758558754678585465856686644366765756744334646677774356566765576731999999999915773534457445465473475773446356343736556336686758488454485485687688544
6454574784445667645656785464734665744367565644536354455444746337333571999999999914643373765654365375377543567755674453453354756858488755855766684776677
5676588855864848665457564657464744573563673543745377535644374657745337655999999314547643676343533775555477775674765747473333588444856656848754868468855
7487745876656467464464553674463633557345737363757636757444447457357776444599997714437354636554547744535344446355574444654675363668855556886846664576878
4784774786567664588476453466354773347364537353776574376546666347463473766356763574453635353546445673433545654544736443376766435574645464645887756654856
7868656866784668785854554763677536355776473743473444744554433353343755567566655773335753465466443663343346757553433457736435637677544664755768646475874
7454476845686487878775474436745563757566645356657356757457746736477363366465337657554454456545545436463573345654545336764754376435567664456676587467567
4785558447645666885663576543375747745643674636734345767373755436676537357646673745647465434347544635535647757436477457476367574546468467574768644756568
8874867557575856578336335756453367644447443636376336654477544633556766363435764746654635473653553677736575647753634634634447633356748666478544468654484
4484585788765567763734463546667363634736565334645767336544774755656744757467634366676436533767644643754637743567473344773745476463455465776767746686666
5585467487765766467435334367674547557746755345777373766743635747537355457467646774467335434437745666354734667343355765764647456754457747556858767585646
4654675878655874537736365734645636756773655465373345343357537656335436567333457664763675764637336634346746744474674635463763436647444657756476444655657
8845685484448843466356766545667667635534774666436777333333434575353265364434623655452465665754377773356345373366657647573637577555747373548648656566746
5786758645774743655773767657647743677563343636443366377557677555524632663463256526544336537563576363577564566373666444536735566577736545366578888657486
6455667786755457665643733753633645363734437654556775367667445545343263323435464252235556564654736636775775755437667746433566755544436567787556657766678
6484788557688634467533773655537644545354577765453634674542666326634563664525333236243536226524243367567574343744764736775766535634333557644754756847784
7586676644565457346745765477733763547657763735635666463546336454524323246536455644623524423554632344546435335754545777677567776445333547774745464855865
8578764457746365676767763554334475765736647753735764553522263262653622356455345453523253256462444353573654476345666673633674364544337533575466855768784
6888447666663765357637773663575676776635533434657324545456335654225452325226554345252563424344555626227364633737474767344577654777444753466475548477686
8786574444745737665447534447343436644465366535653244454226524623343335422635222223225543334642353634652355463764463636744545554633363574477446544684454
5788665473754664753754376765556335554476567536256634246424433352332333234223466656342233245524225362633563637764636643745745566536456656553346774658464
4778574643453773563337464543447373444775735343235335336562553556463346655334455544656642563542345625252224344755544667774554434354755553644577747755468
8788686737756543457777457677657477374666755564633652256465452255545563223254225235346255363645264333346636556655345463434575755556334754563756654767554
4458865676333634376357446746353446664474543442534345343652262662345622342433635254546635434324443352244424425354433446547477643633747543536475646478876
6475845647653545536544747445537675376343325655525235564545545564454243236335263643522252523353524643645665426667667335377363377357674537443763667887447
4544486736747437674444353334555454643556564456426444526454544352425526333533266466555223626266546356422444563327435777773645564575767445373367476758558
5755583563636464633455333477767444344746444422544445534535326532563265262332533623225536554462443633522632332442656756735763437473473537556665577554768
5546766767356456547675346557743575653733235662534255346666626523336465335535226444433226466333445456264443424463556676546764363454767345773376756784574
8555873434374335637345467546777336567655533266263663252244634342454345665645343324346552542255256446342452324462656343536373434664535576347665555387885
7878354367474536446434553557745534546534345323554224432436355252335532423264535246432346235254362422533566362422355455663453754576477763674466346466475
4678773367653674636353736437663777435566465453343235562546264423553456346452235424535242462345665535656544244525646246467456546575474673366476333457668
7487635675534577467743546536374444343422622626666434434424456346656226532332436254562546646625444466263635223325244537673463355357534655753674654455547
8747334376644474654366674476354475464656266633433654323525225326553435446435622233534235456642235442335456234252423265336763367444754546646737474746744
4776436746446453333347733376756463222564545234626532532645655544265566443552265533635346342352532356352426664343366253544564666465735477675574637637387
5654665455437454775364633473536623425542332525333465455266452223355633233235432453364632566524622565552655554463556563366457347646533764353445456374555
8736644647645464373777543455566243464265426433443625352645265433622653232342343553624532355526365356544265346634325435536377546753474737466553553453557
6764546754765353557345663543332446342534536635556563242546265264623462653336655336633265436363536236245342326524633446624675735345376374667765537766768
7447435443433543476433564353755342533443264262253245554264452356242245543362334632635445466256226256545566652325544633543663537436453556557734737546445
4776667537554653567746746736363654642546252424233265446453552233642535425232344554332626243266366526652362555446656223622446747675365746537637475335343
4344665446466363647535545456553466666325464435232363233343554665562225235323543544443533532333424343632542256223544663645575467664435353654734644374364
4436734477373636333774535477626325566235464346554362622362446256343332424353442433344243353523563344455563426352626355245355345473663545557633366574736
4575733365356665475674766554645354552424364655536662323362554332254232343335225334425524345652356525623653426623266546234367335446654753657437747556744
3663436746657763767576467633645662435533324535364565544625356245523355423455352345555243545456323423235325622663242343225352457637334563644463777565473
7736376636443644636547366344652334445233643263446346524465435555453222522332343353533544523564542533344644626632543525455546634434543343354766645365553
4545336633743774466575353343246555456225544625446255252642555423255442224534523534355445555326333235644442436665636445655463574534554563753743377646346
5457546373445356733533665565664422466223365235445654434352545352343452342534425334544324342344424454353526566453336462326243646364777477634355676355447
5345376443535376367645755443266224666434646434366526653233332533352343322325224523452454224244466522544622553466653566253524576655447754537755775343655
3443754444554466447353776332544423223245254222562255262533232244344553544233354355332232233444556563255335466552354565524323445457467567677753755455376
7736365767667443563537577444463525656664363456532446352334425245422235235335353242424222433234434255644235354252363222652542625635555477733345663676646
3345637653476657567736566562345665552565426656424425655455544255453443322352442253244334433443535553433524623666435366632345325566764645676576455565343
4446344663544645344353542245362456442264333345422536455545555452242243543343343424244242234535443556546454344644342264523435333364367567533334635434334
3366343634657366443553456634355645543365323234662335455455443523434334342533555435453525324555522423264444434264232324645344526745354754553376366756553
7564335557545354463445746424333325444655536634432533322353434334334544235335535224332225555242335423333544235444445556236432464576763545676766665537444
7774474533343465765453362554265546532345666346333354554345355525334423234224422334324535552353344432363363436265334554363336466465674357647664664466654
5754663333346544744455636664255524365462645233636343342553524242224252434355342423333354424452223255453255456435663454635665562346734457657577637765445
6475744467477546637755325444565554544464332323555545335255223222432352555225245224253235445534225224554446434536234243435356466563445744636733764757567
4343774535745454457644354422353225225555354465444432355552324253325542423234324355423223254525542454555522443263545655465652563566635476576644733534737
3755576756473753544535526255466666424655665244644352442234234432435252535255553543353425543545223455336525642323656636264643556537474573575767747343555
3366635337337576656454356223656522446642563424654542222224422425445354254525343443223443543542524253356462663353465245225325653235534646633466663636763
3663756767455765645343654644633223645355443323566555234332545544244252523544555422333335234443422325452322245246434462466253443437563657734566763455344
4746333757465773557353736336623425233656544562232332345333324554355524423253552435554234553253354245242333423536622655636554533574365574576756536734767
3653355667655435376775332662225532362632332262343425542455343524222445545334244322544533222542232552235646634435565523656255634267555756677353555576733
4653757643653557357354326425443266352543633644444535352433325453533333343353544424253433525345334223325645623236544266543226443573647635455433367447675
3747763337536676574353224232523525352336323635235235332222245234245445243535333422232432224523342533225663326435445453655644522655377743446565475563756
433565637575774343645634265445423535263343362234222235554533555335233454552@422242533453425352352222524662262652633624364426643523445555553547475675633
4347565565757443475445465463663464233355264263643335244444453325255535223299923423353453224343253335244534322446425322642535445643535555535475337766635
7353573334474477534575426333344553646664564246346225245253532522333433435499922532455254345554255524425522445635545222254246344536673337577674354557663
5574747465466343635443322533664542666525336463354223525242554552455225355499923532433424225332423345436442653555446423355365422676577567556575335465454
4657374755345337635633666544336442445353366325232324244453434333445342522399945443244324234542444224224336356465232533235232443274655537354676336567545
5645554757647754447664763366553664523552663336644524222422333442442234454499923335444324252333432343246334363546545366534236365244547537755437733766554
3344733763455344455676432434446262334623364225232455455442355253224332433399935243235434222442242534366362423243662635234263445245373455564746566664764
4666575645543443373576333446636263422436322223343554233232525525443223425399945323543523535525533522432453355344465426262435636363647545445454455464734
3533565456545563347356522536452566444435426644324543553343525354542535554499952222523353234435344524346564325453653622342634422275677733777557734757347
3644377573665354564675552536326342245526435666652655343253335345553242435599945344544255243352253444423245642426626333566325222374476547374763543553747
4677636766635564543534726263362336352663266436646464235452454335452342232599934322342534234542335443524523345425242522324522656537766434743777433447534
3365455547436733674545346335234346642242265354244542422353225334544245434299954324433532424425544445356636523262525233635424425677734773333566546536344
3754776774345665343366536224352635253563542653453643355554352544224545353599925552325545225453345435355324635653333523643443325344767743644457355433563
6645475746743576336473476264365362235245354544562445543232325524232332435399934544442443543332355246432234534353465625335624652576665773346347464647445
3764333675677433333457753436524664356364542654245366335534225443332535334599934255435354445332452553655452454556455643453465523367577437366336575675667
7447675676755436374547337564252362646424645342463255335423532433254533253499942354523243342345532524542464525646553346623223353365654773456665657665356
5363337354364463447436474336263454332232652234525546265223525424553354222499935342254343254533425656643232446623534234263626234456534366754567633553445
6666675756657645435775743325652366254334425544435364332554233424542344553299934352452252423354434326355523424562662226656466253633435577557374655346375
7345333475344654557764653745655662566256625632423626245542522424423333345499945233432552524434466322352656426424552266324353676757337337744453547635474
3365777474356333435545745664663224542544266452462633436655543424435445455599955334422224324253456336653222224243422322256662555446733376645565335657377
4374465745765775653574437465265565523225663342642665623326454522452322454299955223322235234536446642354562643642533662644466677546363336466456553376536
3455764574767666374567674765222563435363462656466656646522624322522423334299952535242355253344335345252644526663464322536522556666454433666734555754464
6545334763655747477466575644345535535366466554654632245442464454552425445499934553553422532243353255252646532665235236636563467434334644737557555373674
4545466576753733477445356457225434543232534425366645332425666432244554224499933332343535525446424455653532564566552234445325765675633336557644767757735
4473463366357563355437635334525566256652535622244354533522466253532434544299924523355455343654365542456426623433422546644627366653545445665466575577573
3434643664333646353744455464363335456246462632256434664366523244433242322499922535443456462543223566663356355236652326634563637336467576753437635443333
5357673655473453546777454665744523264256245644223445225442532664526426525399944332226463254333625564455335343634353463623274445377776674734766346556556
6644377536735767475573654366462434265356345356363423243563242663635322426399953456253544562546545252462525222633562325524477456344343467433747374777676
4356555557734334776455773754672342333663436353552426534656362622646654242599966464562542434435343445262466635343253343546575364647763563435747454353738
8335474673633353333455634534545363533223225356464236325226556634562325445699925434464634625223663323542445623436563234623643447647746347376477757635566
4846746673533773357465333464774364646323664553555255454425635542263523325399953545644442443433525246262364225655545344467364356563466545635347337465648
5636336536356737675647643353345425452646546322255253443564422654244342556699953336362345444235546452456665344645663252267466636355663756564637745765488
8445733563535357463657554457535434462454266532525322233546642464262266333399933444325253424223362564535653646252346234546746644365366535743446364757888
8785773357747756356753355756447477235462545342532524224422566335555555545299953365463524345332365425432425242666644535543664466576777547444344554744644
5555354777337365436746735645343735562333666433335652363364663443655645533699963234544362563336535663455645335546356256347736775556577767347546777668456
4474336745575466356457763437555674632422666563334226266223334254455365656299926346635542433665436325535454466435566573565533356664535765334744554747477
8746443753737455467633356654534557444546353226244342245344433623433622626699956564323236436242663326225465466242236476466533547344535474545457356384858
7768834375347635367564336633776747757532536452544626252456366435432366456399934263345323534366565624665525632363365736767644753565577455546563376568465
6678864766373643365455575475645735774773243656263333442256664465443623453699953252236266246532322535422352233245455637756767443756337537463447645658476
6476457667754465477737375653744433367763365355453354323453665655346542222299946245345433444522333555433445446433756343733654556764444374335553475765687
8457676576346466645664543737667375436633464426354643264462456646453443323499954532235254433334366432563234465265453365637345464567354365335643455866766
7487455563335734333475754765353575357534372453635633624366636442244542622399952543625566244642354364423243635536647776635773546537574667433355678588576
8857648564737477567756736733567477564355475245642564235253445346642545463499923234445352364425563443455623527443445355663665745537344434667564678675884
7846768664665674746446647455774736555463534522662645443654246235665653634299944433265325465654233533343244536547555367537474655433455664353677678487765
7768688876467747633333354367347536736573535633544423634523344445465626522699962253663623256634665622444647367444743653465756365353574436353774874567444
5868874578667374363636647545354676333353633556456626555633645223446223464399944354353566324546325623553344345567553467347544764656344543644377776564576
8765788686456373356545645643367765764436575465364426425432343634355354253499943264566463465556422223237356736366774743363774373655364766566348446555585
7454645457564457536754767367343535377463376376736332225244534366265564324599966654323346423365535534635344457765446555664557653365477675774367645677866
6484576685445736476736457334743746337337635734547343422322424663555565432699932643366325642646554353776536434454444444633535654553346476365544464768765
4557655466846756574535355466534555755643677543637336353545352363665342322299935662655655346233533734434374577336635737465574653756675655366676886856845
8844745557875754574346547755434747754435443457775445347665544425256556325399925434652454424253764745344753757677447635563774374434663457646777547568874
8847467855474873636634643447377567374754375547776645363766557422435464654299966545523562565466764635647545757375536453464534376334657736765677657686548
7588776765655754375434357366537554566445634544736345635734766644555245424499936634443357675334764533343733775574355376534734635566646557854865856685548
4546684484566668744754365464333464574636576755747557746657735477545676735699937635654767364343366357465657757776336343563774647434675755484546746577858
6765885544878468857446763435333437734554356355536476473653337633643774336399945673753737636353546444446753557555564353337435646737363456845474654765656
5674847676747487587445763754333367375373556636355766543453663463366566655499945445655663536747564557533763344355577753673667473776367487565755544544685
7765587486684844557734776466557775773374467337377334577357764473545343735699965566546633463474467355653456763466667564374436544564575884644746687488784
4468668576675465848774557563337373447366743474363366473434464633567665373499977544643556477376344546656555473635343477636457444645365887846745768465887
8558568655885474654873645476575633577343577645556734567676475537474437773799964545653574437554347746437753753563645445355367547333867484454675658555645
5565686647475866866788366463367467437535355336343534434545575645347533763499954467664433674436467334363467667433443455573735564348644768754768787757745
8756748447657566478858567733745563655653775433664344456677464575466374364799946766744764534776665337736556447675376754455377443768576687554554544556565
6568868467666577768684477643435545357434435453473747736456456357577754533399957755577465644547454366465647633764476755443753547878455778667455756465786
7786646586874666565756575874563366736575453465544333573755433647545566575599967453373654767777677764665356736673376747636457774656575645864678867675648
8848677786567786754764584884643377767657466435566563753337647354466637564599946557355343553564764345556735335774536444777634466475885656748768678874647
5684645565878676448584867656535445646756377436357676375373575675577747664599964665753574677474457673464446476334776464564455844856648664757664786575677
7766846557468655686644456888754643565334773663535346335544644577736767647799963334573353744667365646763354543446734747664764456757458757874554644488655
6465867787778754847574676887876655345754737557677347336665344654434747356599944445475673366556444767354376474437777637555675676676756854877777566648676
4564644587457686887448486646855746474445434536477446357735756556456653443699936454546446575563354656677557454764335646655787467458688545457757576647688
5448755466477867877786567786876448547464767775374374455664347477364446757399955634776675353647454634365375336453337568857445466664655578546575568846758
7778885648886647547647644856555457557545655565355535356354446757657643646799935464554564667335465343364557437634653847667745748675877875747458478468466
4454476567875667846785488584647875778554475654746376374676365774753447434499957757467773565744655646776355666556777457877867567754787765787466858768446
8664654546466645845554787866874446465554376364466537634775367467573547533799945444547556475676455457374444453438546466777676877558858455858764775577475
4785654885468657877688844487745575674754586457766376567574475336556473433499934454553436335673777767643365565685574548558486748467564468755844775465774
4587766854687488744778768665754467756564468563657676375647356675674753543499933464464756576554677443764645574768774865745757646677576775754855557687666
4586567776685847445887477684657674554785554458637375574774565535643745643799976336745633565344656543347457487477855487445786548444447477665867548844776
5857866545776884845884666545556588866666668585668647357347453634337573665599966363534444474773574366438547455567685846566464847545476458766474768557755