8152788697212679987431862512437923671911111926244849566918191148811112369438234951978916193798883619164742645764656932864963326631396399536126815345615265758134863337127777167119489322971943987686322592
9942526271591793135633966951674576441111111118916376687111111111155386233585517723679347695112681611111189223973786411253628648524111111111114915994268711111111694473618786369498649614874181111111111352
4852111111111142913881111111179642811111376611514134981112111111111177953111111816971661534824752119728113367611111113959965213111181219797139743931911123566911131628111113592511111487386111192962117933
8411111111111111695541116982132914111315645419682921329411157832811132724121111116923877521712849149673142361261822514459466461118858518262211315643116271422411169111181471917665311182759115791251763841
1611145798695311175911111561791877891122765648892224992929117188761152831121514117766871522983422119863762397818171414558761511296566424511112712881412124199791111178633548857411118899439311298814192782
4911646214159949112413981111982826543111679389382769985754941136731115319111364521932758139681129112124635965995417216786726716112451111153595546615846347468411744114912428761146544378633354111966133822
2411134292111119581129289573419937743586614952673573739714794819621169689611177992826911639111119511396477171479648618945252711111111513911115449311791111115119744341111111657411731778261488269527172178
6381111111111111111682173281284116328644519689596111111111176657411163826811115473112127241124619495112391225458232611199531531111431111112111556414146835851117838934496816911125889562748911131913538239
2979111111595641438969262361111111136239836782111111111111114252621542732241211264611139791127938399118488931111114191582113986357573141143518226115898131236342643563766181111118285559453111611119192425
1852473413447197711877885811222222118144595611111135896894115767365911111111111111114323713195298722921576961122156132111584227421155611833987575286757116474677749455681116758781449235311797422731347159
3312617592526431115157575112111111111173934111116466746286832855931111112211577911613554446911166923354594111222127483942867512111151111295169876954811181182323779783111441587784517631193821838197152972
8936644681758111111113387112159242959126141118872599681761977682411111812217228739238111559738726769811211111232199726496437611122118416247175726384218689819544815911513196935452828611476882312877124972
2448633878366118911431162511113228517199829111461132511111882891111964612219245332911121658862133654111111241232133853411111112222111413735328148829618184354466115351165781511136236518394884416256111317
7956111119786311357492824625111166897166118111111111115975294773119654812111573881112221813957611111111744411222111111111111112332113111446491713215211176122733111351111185199214489116865119873261115281
6351111111145478951214934624821111548218246173645635224293486189159838111157731111222321273611111182613534112111111111111426712322168113174143762525825111157276114187259836742199847116692119535644119955
1571193469118115717697431923489221781845641827334711111111657316164995111485311122233321441111889235928371111191864734486151112221118611119767852762573451111111117787684561657998977313923611613671245566
6111132773411499571454261117395575481923826775279111111111111616124281114391112223333221111221111111131111114771811118283711222211417861914921111166578431495184767727571577114359773516721541118111467495
1211844361255177295871111211117214911111111164471111888831121129195211221511222322222211111111111122111221583159311123331112232115321518492421112118341373995711937757521114511111659371517442611168588357
2911762134671811142781121111116625112111112119891219369367111355435296319112222221111116797415397111111121111131264815111112332119675538223111222123111111111153113632116933256211853241939666196575571844
8611193933733713564134121877111811121178411217931111626145111684475562111122211111761163525726819248148111112111196331991512222111111111111122222163311397611116581541632561171111685991456357896679555828
7981148911113557737922111393519466121993811214829111198485879953912311122211112839558763757687771669498891411112111157911111111111112211111223221152311495613211895899393261684675741478244117969364666576
8681117111896968488362811191769143111138171112518761111991992584591112221114742274523111111111111111162918391711122111111111853397811114931232211346741296136771755917816173516854751549127896111111117459
1352111116512934374128138111522561212118425117846474559111633368911222111586725111111144269396211111111112282628112222167915239767247261211232111546141872637151113145821398111115493536998381134511221514
3448441964167611111116628142111558911111619532965285377589351681112221111128913117294535331497837275199411112917611122113919411111184675112222118732684932982361988868441111111937281243435213112572541854
3262248798936111111111185115644192214711147292611111111113246311222211493425261275535416997111163826973558112977387112211594751932671611122211182586132817677281443861111414464183566925219715455895111134
5552925295781111386731198727822829293461636222111111111111767912222115125284613521685131111115371941311111114573162811221118645612111112221118941254871192348411854321199933291688348484294314259441537553
8757644131921117422166194184111111111928192121121839851211384112221121532714477241132111221152613511191129121731876481122211454675111222111146653431115446533544597877118811112334411111629828395395227994
5261191366299111791914292591111151111111175274121116651112511122211697832817119755661122221986938142948183651111112248112221795267481111134473746111581194969864717553511111164352142416115895475955766948
3288319523578911115558921277119449754111135675121152411137571223216644111994813752811223321111496844361674561126711744411221119846335118239119383281285611611371825448244366823641569768911434447989418395
6321169981351352911112221962111179433531111217112186211122711233212598111131129461212233322112466828311225211389516534411222211183267111134419219311282351161722288911111478547414389136112549261111111123
3139112535168177653658143886211117821766612746111116811588512233216379785638316468512233332211111111111748911712254177691123222111111111119264137897121293129243791136431112353217962591113463761546311165
5941199831114113156469114313865111111126381949681178311312512333216865273839756285711223333222222222221775711388774774291123332222222222211125139881513875117115116122323111189959618112784641616837751157
5521186291213678841111118812567745873586972753567345211281812333214711115393587772431122223333333222111111111368111156199123322222222211111442969123382732115763118834913511196115263948446242493811611432
9451146431211439711118375141939971841331116745821689341823312222211111111111977543732111122222222211171112213283343111241123321111111113315199142719753873516681283141192111877193963732914989662794551296
9251197841113235111327589219357441111111211111147741821752512211115986124211115948923798111221111111769412211857815911496123321992248639132834649825164399115699129211111191187913651111111788196226291647
8261129411143481111828338133671111222222222222111172663874412119645158411142111182754667371111868899151112221516698411434123321136636726711111111138511596119112477555226958416111111239311113721357571328
6214112111394244111964111178311222222111111122222111481289911196111181617191431111273236255711165111149212221154427511691123322124237499731556912118366111158554432371383591537115631391984118943161966895
1821211113663446411111119147112222111117912111122221111211114271111673518957687411113667924112911195643511111742163511793123332111191827457186553115225661171854111111114146571185576911461115696111153185
3817171173617653452255743471122221195398413883111122211112211111145992117226791611111116551698278688111111511825711119517123432221189779942761834611187149396111111222411123281887772221111832971115111983
4263836614112889684999996391223211761111111164262111122222212989728133113811142896161111111111111111111117711187381112682123433322116263641772471134842136716142773666761175891543111111241585191453691158
4731529731111511887662331611233211467111537441298937111122211861878587112281279243469511221111111111189454112256611845611123332222211143317481113578373178421162899918111134531315975678616177912324371116
3397887331498311824827224811223214625321668625869674728111111111888716613262614881632111211263552872433661116578111266611222222111111118471619947476811133745112574411138416627971251111111291784526311994
5757193311467511892119292671122211742371111111144165739834826664464412225497243541111121118983416256966311118991164367912232111115513796511726241111112111266611746136614311426623211111411117221782687858
4488459711611111218178687832112221176281122222111138296737897911141359724919111111221111512779754347231671189911283717112332132192314111111111154329122221115876184816173338767453411237186119171461882832
8913984311112118641174191976111222116842111122222111149159529742682635111111122222111772395589423971628721196212277341122332123454593111115351143297123322211143811149351111111154215643921131736975571656
4692713791111166711117331458261112211147856111122222111111111111111111122222222332143559716791111134755971388518552111123332182916996114243411935251123333222116248871111111111115811559239233246911178997
2713511257724334651256111973734211111111167456111112222222222222222221111111112232111111111111119716522111244552448112223432111237917197699119814211223333332211127941135199117117161118739959381114111994
3717871138328321991437711659214974961111111378638511111111222111111111483838611222222222221111995252111181542257526122333332221161134321241199562112222222333221112111725797271119311381111111111193961186
6167951197186768611167111116184681995234575456278526272631111137271539663723461123333222111436899611111111116958511122222222221569186993116645811122221112343322115711681685111136463385539726418674721541
7482817115343139681111119121111111493671737129627477973692269211111111984617327123322211158918951114225611311917112211111111111185813811134517511222211812333332215911725181192765251111111513271816511451
9217365112953511295611136811111111128613711111111842943134134451836411661541271122221118956597111994111196181511122116146223894121767166413734112222118712222223213621494514943511111111111214214135388323
7316384111494611153671291711521311118229911111111114932497861951792114181771111222111385969111731551112499315112211199914272683767367844191711122211197112111123211677953699239111116896931817314847768618
7811559111124674119741913114452711171949611786311846185911114823761139961111222111162458221114619112269172261122119795544611111152156397331112222111488411139123221457214761961111598261223629937712674131
4731197114113119112353672194178812157745461717961181281113673278113921111222211189271216922266811752116196111211141941576558111662273671111222211161768111883123321658989263351111574685927454477111127491
4247711146816115113946741542925411176666174196336359111167179111715411122221116487711133468137116431182461122111624311211113381513951111222221116278691115469123321795489611173111184185485741611131111542
7691926811857811117532591247811111275111111769194727117134171144561112222111959266844111115541938112486111221121579814137462492111111222221111129112591115848123321415976112153981111111111847114211721113
8349947413879651346923754217661187146111111525719691172241113597111222211113599297397212214881111227311122221232866876889111111122222221111662831875911135341123321185311122114264271978411992114792881177
7371541465543484964763866494743799561167711152893461142111649521122221118659234947156112112483766792112222221111111111111122222222211111527329114452111133911223321891112222216437533463858536139775361132
6119281614313782751493596111623218481129512197348634111136793711222211662391151664142121124692176511111111222222222222222222211111117137573361146511111444181233321111222333211445311111112492812641871151
4811611861191431318128487575215333391993512117786293198282741112221119136714439498111111132159111111849981222222222211111111111797737791711118262111119863111234322222222223221639111833981762448374111527
6796661458168141617579121111111511588475511161489114155857111222211992381128578629121117179711119712427111221111111116391452484854655443816484961111729586112234333222111123321143114182511193589664788983
2525391191161152211332189413141111432276511538319831855755112222119551111783515531111777551111149339111111111432163545957291111111111353486319111114249411122333322211118123322117117548552245671196132919
7697271114172112371174446338141167172288715378114711133251122221173611137369135411128223611163498111111114431457163263971111111111111118357111113828681112223322221113263123332197115419681487764657229663
8313271193112715741118529943511917325747328451119149188311222211284211272811959119338281111269331121117217226672358111711564166673812218331112418821111222333221111426435123432198211164119287697111114362
4611411775118112569111748681115918268147321711348479135512232115343112162111341133153311112418111111813281811163261111291981833219712111525354366721111112332211743632691123432196212156798598674918911661
8135117359211113363588111111557827117412913111413311131112322144981144611111111177191811123291121187563557211487511147193519714796111136966959487111111212322111613961153123432142727693327516785174881252
6664244325911159648314454395961741153111471811293631654122321183961781111954836341134111524411211387291198918479112836681779243811112881523837811112331112221122113171134123432188742761111159443131791239
7632777449529372343781794893877711116641154111662613535123321285811797119811785989128111218112211846715789119151111658523721111111522817149873111119651122211362112841114123332188261116641441156676961785
9872198484795159817464111981991111297161476321111185491123321855386145113143595511121116728122111633118221169211938587111111111163628852564811111612711222118481211451199123322121411184292671195155761665
2411692719183724211894326711173111172111699498257643161223321454588474118641927112141214131122194141196191367411941186187512111128556196411111381912112221137431911141541123321178119953477311328189897247
5211713116853924431166457381924621111115251682191424351233321987964443111417391192211214451222128261451921446419596711249864181117111111111138776511122211382115212111811223221537111251671112769523739477
9761791165512212637111165411863824172945986818748271551234321254111119311173111114461217691122143821186471886216244581296869211111111111897981352112222113474982111111541233211715618391761751264111111951
7921111133811487151681111114837352199256721152153534481234321472741112735111112443281115421122118218119841115617993424762411111451227912911111731122221128158311189817811232218791311676337514111228411893
6524216228914181165477912154915576634133571111211179811233321586784116549798921951639119477112216166711845153916941111111111185877251111153881111222111122438911779762612232117682421113845111774874116736
3411244311111119181421222471564571642748211159311546591223321211311114591222218111125111851111211364471111172618761111111268259129114815922211122221173331917711121467112322165271542551569118113291617538
8378448761144591126214192752216511161211461114151153891123321651111151711111111119653411154871121167885111821514238794884786869394945736551112222111346516215631113781122221198841111819861115248517878383
5978854411194311396267117561126181119216545411111115946123321196111494611432311213231231116844112112543311136111384657111111267425317367111222211126925583511111173811222211963111111191511539962794188477
5611531835111111771299215473163611177151857261128432775123322153111146216162685996183318111788311111119197139627761111112671198198954111122221112514166255118728597112222118791111566118411879352181517891
8711173685717892451927611914311111175381718511942545811122332116711189911343553276117872451111189122211114287529415681163565266121111122222111342911175457228927311122221187391162514811711111111131214462
6113897396923841214449418916693313767123111178111115916112222211511192776364111115111261332611111123222211111274247262833941111111222222111194619575811131129539111222211144525143864791922971748946111131
1198481617145899129627112128325816411947174772816931117411122221447173155791211765111195954199111122222222221111111111111111222222222111187895768214211165528271122221113682719118795391135131538111361479
1111252211364131146511114597883414111352263354556366118393112221146487538939211122571111456111879111111122222222222222222222222111111115713968111187611639843111222111279321252117118761153192763611171161
1735668137153921111114371238113113341117358238331111187344411222111452111634311111372121117191689759838111111111112221112111111178176498668811111887411888611122222185941318111113191111146752312156561184
3988221948616279811594752155584491728111111111111172413517671122221133111157783111114347117983611117162394485355211111411186494918217476511111113353112951112222211129595111111381151611923282354724451149
6755511634923151834919391341112615394672937186125428782235322112222111122111792911111111116584662191111111111942889394687611111122717211112111129676318111222221113455111636114894828526338971885563921117
9231691146511161119623731118971122772185111823681573314719917511122222222221111477388111155952239412737211221269211111111111444798611112211144483349111122222111921311516831138698286737351811129758711451
5798376118917414815759521111112286429946211793744111113211752877111222333322221111243324459356111111111111111892178231111998971311112211115716471111122222211147813133673762575652552911344761131111118276
8299172611162426394382614878562257111111111165611335881111642958891112222333322221111166477836489831111111594758877583466971111112222218135711111222222221119327511494262648677627111111197845111111924467
6778111155778239331111111299344193171497911571386423315495557214211911112234333322222111111185468947889488182324137811111111222222333211111112222232211111794992511111154174459111117352935478192241977976
5583211916693971411536231716127281251256218372494938651952732625432887211234444333332222222111111111111111111111111112222222233333343222222222333332113184226721171655299738111111469523667495593411111752
7214621683572282341165666697113793431175629133221211195325167855454664931233333333333333332222222222222222222222222222333333333333333333333333333332183446361866622796425119911112867791113141458114591784
6142961157189481423111175171111968911111111111111111111111111111111111111222222222222222222222222222222222222222222222222222222222222222222222222222111111111111111111111184813111111118397644449115271491
3977741193188613159332111114375372336944511111111111111111111111111111111111111111111111111111111111111111111111111111111111111111111111111111111111111111111111111111111223457918266124216752281196365955
1331961441111676216849687729569314118177669918396377775516646266681847873517934356492322287884519816497469593198238992111982292535519981752185687918666534234721119232612133969446411111111118941196236589
9226119623611283181511587876419215445611871962371111111182139511116358217614291111526498593111111172143261377665734824661111158236462199111182499767756111111111823211111111165273711496511411476112376632
7443639155711111141735191114643359574178118731112148111116111145411115272711111111111818871198765111338794762116285286111111111152345111111111195995511111193511759251173271119198116737969951322112186672
8281347215423231128431182361111717371158191651171229451114112943571138863144185545121311211972834713246213727157112881147513119113271159192636119568911173184638187437868213114319117551176111321427659818
4858516649958488887568215558117251112311611981275599111733141991111664939914862411111347819443464121575921184576115361113321644149561563461746174111118957742373857198897895518216811113312529413569748365
2872154822689172781194336111183891111584116516675575156753631111371776445445111111219811645485316753946646111119511589114618189646391929811138331191116969111973543546856937219253511155619354878481715385
3141965291611263519861131927832447811151148991215119192361279665518548881464716685795638743936287911111189981112114271131114211139912253211251187559275111198966193842432966796151737471783917771111118564
4971791112831333196997111959836796477344218235221925381985193427271615452515263717592819356673176112658811854341126822524562918188128331481111157225293612711753211511896921112265431111234658651168511832
6891948574252158761187281213215111111181223517186911111111171851185111111788319194794141111111356175751171737436156576733961157143938511697532111118865118277374213113541119937627133811832819668241411169
1281628764882145914921711882238985553237111142128855479938711631112514721116889514267949129411727311423174174811447975665922461181758127153573537113876112521944187811112115425138376451869271772832611565
3441156232621455911119116928342779279183551119189695833393119473491127481116229525113154371116814187124623524791759232323896912113728121793937111114531611184116988381111133448911227811774193159148113771
7164111111117885964111149371113811111111188335826881111111347747858711111152965173621111111953949235479172568386111111111238817131111142242546711747951818111136241948438171341266911758127679411111114113